RPID: 1
 6
 3
RPID: 2
 6
 3
RPID: 3
 6
 3
RPID: 4
 47
RPID: 5
 41
 42
 4142
RPID: 6
 2001
 2005
 3
 463
RPID: 7
 2001
 2005
 3
 463
RPID: 8
 2001
 2005
 3
 463
RPID: 9
 2001
 2005
 3
 463
RPID: 10
 2001
 2005
 3
RPID: 11
 2001
 2005
 3
 448
RPID: 12
 2001
 2005
 3
RPID: 13
 2001
 2002
 3
RPID: 14
 2001
 2002
 3
RPID: 15
 2001
 2000
 3
 448
RPID: 16
 2001
 2000
 3
 448
RPID: 17
 2001
 2000
 3
 448
 450
RPID: 18
 2001
 2000
 3
 448
 450
RPID: 19
 2001
 3
 448
RPID: 20
 2001
 2000
 448
 3
RPID: 21
 2001
 2000
 464
 3
 463
RPID: 22
 2001
 464
 3
 463
RPID: 23
 2001
 2000
 3
 448
 443
 2003
 444
 446
RPID: 24
 2001
 3
RPID: 25
 2001
 2000
 3
 448
 443
 2003
 444
 446
RPID: 26
 2001
 2000
 2010
 3
 2003
 450
 445
RPID: 27
 2001
 2000
 3
 2013
 2010
 448
 443
 2003
 444
 446
RPID: 28
 2001
 2000
 3
 444
RPID: 29
 2001
 2000
 444
 3
RPID: 30
 2001
 2000
 444
 3
RPID: 31
 141
 143
 148
 4182
 4181
 4184
 4150
RPID: 32
 141
 143
 148
 4182
 4181
 4184
 4150
RPID: 33
 141
 143
 148
 4182
 4181
 4184
 4150
RPID: 34
 141
 143
 148
 149
 4185
 4182
 4181
 4184
 145
 144
 147
RPID: 35
 141
 143
 148
 149
 4185
 4182
 4181
 4184
 145
 144
 147
RPID: 36
 141
 143
 148
 4160
 4185
 4182
 4181
 4184
RPID: 37
 141
 143
 148
 4160
 4185
 4182
 4181
 4184
RPID: 38
 141
 143
 148
 4160
 4185
 4182
 4181
 4184
RPID: 39
 141
 143
 148
 4182
 4181
 4184
RPID: 40
 241
 251
 3
 249
 242
 243
 252
RPID: 41
 241
 251
 3
 249
 242
 243
 252
RPID: 42
 241
 251
 3
 249
 242
 243
 252
RPID: 43
 241
 251
 3
 249
 242
 243
 252
RPID: 44
 241
 251
 3
 249
 242
 243
 252
RPID: 45
 241
 251
 4162
 4163
 3
 249
 242
 243
 252
RPID: 46
 241
 251
 4162
 4163
 3
 249
 242
 243
 252
RPID: 47
 241
 251
 4162
 4163
 3
 249
 242
 243
 252
RPID: 48
 241
 251
 3
 249
 242
 243
 252
RPID: 49
 341
 342
 4170
 346
 347
 4180
 4183
 4181
 4182
 3
 343
 348
 349
 350
 351
 4171
RPID: 50
 341
 342
 4170
 346
 347
 4180
 4183
 4181
 4182
 3
 343
 348
 349
 350
 351
 4171
RPID: 51
 341
 342
 4170
 346
 347
 4180
 4183
 4181
 4182
 3
 343
 348
 349
 350
 351
 4171
 344
RPID: 52
 341
 342
 4170
 346
 347
 4180
 4183
 4181
 4182
 3
 343
 348
 349
 350
 351
 4171
 344
RPID: 53
 341
 342
 4170
 346
 347
 4180
 4183
 4181
 4182
 3
 343
 348
 349
 350
 351
 4171
 344
RPID: 54
 341
 342
 4170
 346
 347
 4180
 4183
 4181
 4182
 3
 343
 348
 349
 350
 351
 4171
 344
RPID: 55
 341
 342
 4170
 346
 347
 4180
 4183
 4181
 4182
 3
 343
 348
 349
 350
 351
 4171
 344
RPID: 56
 341
 342
 4170
 346
 347
 4180
 4183
 4181
 4182
 3
 343
 348
 349
 350
 351
 4171
 344
RPID: 57
 341
 342
 4170
 346
 347
 4180
 4183
 4181
 4182
 3
 343
 348
 349
 350
 351
 4171
 344
RPID: 58
 341
 342
 4170
 346
 347
 4180
 4183
 4181
 4182
 3
 343
 348
 349
 350
 351
 4171
 344
RPID: 59
 341
 342
 4170
 346
 347
 4180
 4183
 4181
 4182
 3
 343
 348
 349
 350
 351
 4171
 344
RPID: 60
 341
 342
 4170
 346
 347
 4180
 4183
 4181
 4182
 3
 343
 348
 349
 350
 351
 4171
 344
RPID: 61
 341
 342
 4170
 346
 347
 4180
 4183
 4181
 4182
 3
 343
 348
 349
 350
 351
 4171
 344
RPID: 62
 341
 342
 4170
 346
 4181
 4182
 3
RPID: 63
 341
 342
 4170
 346
 4181
 4182
 3
RPID: 64
 341
 342
 4170
 4186
 4183
 4182
 3
 4187
 346
RPID: 65
 341
 342
 4170
 4186
 4183
 4182
 3
 4187
 346
RPID: 66
 341
 342
 4170
 4186
 4183
 4188
 4180
 4182
 3
 4187
 346
RPID: 67
 341
 342
 4170
 4186
 4183
 4188
 4180
 4182
 3
 4187
 346
RPID: 68
 4186
 4183
 4188
 3
 4187
RPID: 69
 4186
 4183
 4188
 3
 4187
RPID: 70
 341
 342
 4170
 4186
 4183
 4188
 4180
 4182
 3
 4187
 346
RPID: 71
 341
 342
 4170
 4186
 4183
 4188
 4180
 4182
 3
 4187
 346
RPID: 72
 4186
 4183
 4188
 3
 4187
RPID: 73
 4186
 4183
 4188
 3
 4187
