RPID: 11
 2000
 2001
RPID: 22
 2001
RPID: 33
 2001
 2002
RPID: 44
 2001
 2005
RPID: 55
 2000
 2001
 2013
 2003
 2010
RPID: 66
 2001
 2000
RPID: 77
 2001
 2000
 4001
 4002
 4003
 4004
 4005
 4006
 4007
 4008
 4009
 4010
 4011
 4012
 4013
 4014
 4015
 4016
 4017
 4018
 4019
 4020
 4021
 4022
 4023
 4024
 4025
 4026
 4027
 4028
 4029
 4030
 4031
 4032
 4033
 4034
 4035
 4036
 4037
 4038
 4039
 4040
 4041
 4042
 4043
 4044
 4045
 4046
 4047
 4048
 4049
 4050
RPID: 88
 2000
RPID: 141
 341
 349
RPID: 150
 341
 347
RPID: 182
 2001
 441
 443
RPID: 192
 2001
 441
 448
 444
 449
RPID: 194
 2001
 441
 448
 447
 2013
 449
RPID: 198
 441
 444
